Name: Apostolos Zarras
AFM: 123456789
Income: 22570.0
Basic Tax: 11.58984375
Tax Increase: 1.738476631580852
Total Tax: 13.328320381580852
TotalReceiptsGathered: 6
Entertainment: 0.0
Basic: 8784.0
Travel: 100.0
Health: 0.0
Other: 1000.0
