Name: Nikos Zisis
AFM: 130456094
Income: 434567.0
Basic Tax: 38685.84765625
Tax Increase: 3094.867743324314
Total Tax: 41780.715399574314
TotalReceiptsGathered: 5
Entertainment: 30234.0
Basic: 0.0
Travel: 0.0
Health: 2466.0
Other: 24324.0
